41767
75700
22072
52737
7417
70267
6248
13899
66137
21391
78823
89467
4789
89041
5759
13631
64348
67568
34120
33991
78848
37210
38942
85330
71818
94488
10458
24278
94827
89838
43309
28886
99269
61335
31609
3847
74233
97169
26420
44199
58272
4957
52779
56955
39645
30993
55854
70816
47761
45519
17871
17364
36705
25223
4709
52359
5691
72351
72725
42083
53943
86611
3035
10695
89391
47322
79140
93392
31548
7553
49096
1110
28920
1988
18777
46581
98654
25430
40499
20999
5360
38325
63739
53975
97745
28732
9172
28786
30412
6049
70284
86405
78697
86940
38560
96657
38554
20001
33340
10797
61135
37294
65746
9547
50046
85461
55853
5336
54749
93206
83059
28792
94817
59337
28419
12068
12632
47779
61840
44125
78595
28257
89894
78916
55385
27894
46803
21566
54590
33393
24012
12584
50201
44391
71172
90069
81999
71559
27614
76306
8726
24409
63037
9726
28218
66154
42532
57525
52607
52980
72323
15748
88068
37938
43571
4741
93296
54543
23241
96470
46370
23536
3740
72458
70268
8310
31943
14577
29897
73555
14676
53229
53292
43687
71849
69725
65034
48860
9893
12221
7896
21961
48523
20150
80171
7412
51442
59552
84147
31079
65528
96589
16162
17391
32695
62221
59215
27249
9153
15358
83994
46538
32162
99920
87757
57383
60029
93478
8027
22167
20022
28269
26722
12171
35369
56890
47420
11603
94820
50055
38529
86567
16596
49622
39573
96159
87507
41004
81779
84605
91310
23410
52732
83953
98930
73870
68074
93850
57621
13746
81237
59260
80580
34047
81322
45805
39500
43039
65951
48406
50569
35039
76427
35326
60322
31749
49722
73511
57847
80871
85649
71365
14484
98966
82254
27648
10057
36951
71777
23064
38300
31749
47244
54560
97182
72698
72614
71217
3313
59162
28043
95256
94192
77484
15102
72994
61314
70495
67637
82190
56562
64008
20830
68329
68651
87369
48042
70845
737
51460
51837
30968
5983
72145
41030
23756
42120
82263
59233
92521
93757
40690
16925
67897
55135
22499
5862
20845
12462
36314
5827
16532
92324
75849
14239
57161
80777
96317
58748
55325
12426
46025
28696
37680
10417
88758
2315
65277
15203
66218
6416
24646
12052
65336
46283
48615
1886
64689
15789
76578
11738
73586
71382
26877
14847
94011
83428
2475
96281
62068
12728
24943
74779
5256
31151
69195
77444
99793
27818
66603
24789
9463
67847
46290
36864
65916
70019
54913
52941
79492
39279
68871
89402
92128
31568
4263
85851
75585
998
43490
88584
57406
28969
99800
81661
2168
48693
46277
96958
36451
6393
44470
12352
48050
45355
636
90184
27349
69977
26787
10667
15207
40571
76923
15137
62012
93029
2967
26057
29730
58409
17029
60567
14175
90755
66603
8664
88612
45334
46497
32990
29920
72110
93818
79771
23172
61374
79096
19638
10702
36492
60263
33617
46260
64908
12069
12253
64506
98317
23449
1841
10226
18173
72544
69789
57588
40885
23588
44731
2479
15761
76644
54918
35917
47931
76341
27965
48895
6472
99251
63979
34291
51589
24942
42157
37782
47282
43485
83376
87596
76472
24126
74839
66454
63173
83123
73293
58824
48460
30259
99934
61758
58507
79654
34330
80795
4563
98136
88309
76814
41339
26586
49112
53594
17127
43767
69691
74066
29620
29301
23661
16336
9368
55681
93603
77227
35767
8053
2818
71601
63299
63321
62401
42371
24809
64377
72418
99607
60572
4588
3321
36891
99324
13060
89911
62562
58888
73583
53257
31691
1434
40598
24079
72723
77748
7656
13506
88356
460
4061
71933
65051
11973
30046
46004
34030
93353
97718
52203
81767
94255
37992
60254
29784
76842
18789
9415
78904
89861
39481
18889
21833
87917
27279
96460
64221
25457
41043
77620
86104
25584
20881
1726
55783
96508
34089
95525
37199
59658
34709
94128
91940
71354
98469
85941
6098
32043
84117
47718
89562
64800
10490
27523
13137
97004
41983
88090
54400
95338
36811
9533
62690
32470
27215
54305
35648
6083
5154
77532
11281
76464
24017
45735
93978
26165
53578
73003
99431
95466
41842
63733
2650
92501
64985
51810
31637
91709
14190
95954
5842
55821
24225
32090
82716
65775
40627
52384
93852
71552
96218
58370
77693
72513
11123
30998
46847
17049
62412
83923
11543
42694
53864
9287
4532
38433
10224
70871
11677
13147
97377
85832
50014
69613
48117
43067
56595
75362
98466
65413
12709
18640
16962
72344
83976
16186
86669
72576
6881
40821
53693
63188
77482
10933
90199
56381
58387
95095
30626
6702
55257
90646
27595
78884
93047
44423
28628
42555
56902
72262
91026
81091
29473
99360
21673
36783
97689
2576
96966
89793
33676
56672
89076
25968
86710
11261
9554
45703
83187
63480
79452
19716
9803
9492
40604
63503
23109
84187
80330
26022
51077
59174
29474
9226
78912
83392
18802
85282
67120
75307
80124
24882
4332
2706
5813
15899
11041
70622
69301
56367
68264
88589
68042
40650
42197
16795
53195
35407
72349
15773
58461
51274
90183
93077
88949
46561
47930
63566
86734
25961
25734
59566
21950
71232
27166
32039
72216
73845
92381
92674
45859
67246
50418
55003
6916
54317
86557
32114
74052
15898
51729
81234
45159
6458
86527
57661
78559
66761
60038
54539
3462
55115
69408
10216
53119
50241
74690
26019
84382
66616
30386
39496
32537
52152
29912
23836
82014
9223
33637
95657
94688
69523
91671
23647
61271
45862
26102
77730
71608
66553
51367
66164
86930
28340
42257
72813
29025
33674
35084
89841
4185
44081
1435
68878
49774
94060
70837
99282
74096
54111
40714
67733
6155
71938
52156
68858
5125
36144
63622
84761
77858
16256
44911
89124
15541
11615
44863
93518
50652
48035
11224
45879
60907
19156
35918
54719
31158
73196
49923
86968
83162
75646
33209
94764
30665
94006
48520
41296
14439
34276
54521
61111
12082
23621
27785
63839
32704
53588
59417
35937
70052
51448
96294
50603
67593
67196
10859
29382
54281
20828
8342
27670
96103
62916
57168
73240
9021
32521
54146
4837
9757
59091
9250
36263
72235
65686
72870
85047
72602
47507
78351
65972
62976
57026
24117
64635
27360
27677
23568
12447
59706
72393
73219
16869
1542
48010
95976
11051
40551
80042
55844
79985
72513
68948
63822
49038
90651
75688
62918
91988
83643
82619
52643
54476
10775
91186
5555
33111
76776
40082
36556
24132
92040
47378
59545
69310
7746
23017
66180
2808
91967
21010
30282
27517
44081
49847
32666
80494
70021
30895
54788
22843
51302
36712
66352
81006
84406
42226
56597
17085
39851
42720
31781
13030
510
95217
3811
21955
15585
392
40600
33578
81669
44895
58713
81602
85032
526
74796
45426
85406
10429
6619
33596
24888
91470
35254
45933
4554
23441
5900
22981
11753
43419
59055
67131
72946
53078
4228
9885
71819
9133
12189
98375
23948
13423
95526
80763
28287
2878
80421
85259
75618
33674
68206
37347
94248
72385
69544
77306
91596
57379
33963
92284
67026
66877
94167
3108
16645
71922
16546
65267
75062
5144
90195
76611
87269
52910
98732
54918
26777
21190
20126
57031
39004
9364
80298
6787
50930
74080
34024
28076
45969
28229
84200
76366
97593
46547
38798
69038
56333
43719
87068
92655
66226
72167
91108
8470
78114
55598
91684
94172
24765
23191
79822
72293
64264
23003
61300
84994
10891
77647
41964
182
151
17190
60978
47886
9320
42970
13767
6855
10542
67218
13137
98082
55436
9993
10042
43168
16328
41706
99163
76185
6050
5236
42301
78480
7416
86407
70002
48925
19435
18623
10555
81040
45522
37577
30954
78798
69286
85449
29185
17193
81586
18153
14850
27265
24626
4274
27190
4476
56867
21845
77683
22446
79303
895
66719
83137
90278
73855
62742
8121
83679
37118
2978
7587
7907
28227
27291
13099
74081
78488
30124
26851
41434
73196
59718
14412
80248
61665
35182
1736
49392
75015
15181
43478
90025
89056
6780
9326
59736
45308
96806
14730
59484
84340
94994
32936
70309
73556
65765
50431
88827
86031
161
9701
90318
6263
93105
74827
4696
53926
3784
27489
20041
88749
29791
50715
81385
40313
94455
36125
87538
80893
19351
78217
76605
92495
3080
99591
58803
46113
40958
53848
43938
92995
8575
11974
27944
33127
32233
25534
30838
27920
18424
84245
1062
91561
90702
78327
94871
86385
29720
53475
94411
2756
5370
94613
2361
93675
30130
69434
66635
28757
30544
6431
44714
79270
51886
56274
18712
50176
99021
93170
48478
57681
5813
58630
24495
95741
86796
6624
77718
52736
44410
54217
10263
15165
11087
15412
67880
34766
34860
53850
88518
94441
24594
66787
16837
67715
50560
62096
48361
64150
17335
2385
8534
67532
75887
38928
63913
33448
71841
71177
78865
42470
98608
80059
34334
54938
9636
31808
86279
88814
85301
9853
1365
95189
26285
12782
24804
46512
43230
52792
69643
39851
98366
30406
40886
54367
36119
20977
83384
99857
64109
18018
99429
41073
37399
46496
84282
52306
93102
87936
43800
19121
25932
56270
16981
98948
20014
66294
95026
30767
14061
26490
74422
90076
50121
25674
94739
36592
89925
55855
76108
51183
90084
49404
96864
6017
94266
65828
47059
68082
86137
75893
7122
67863
31070
4418
55868
99747
18045
67443
67427
56840
5501
60162
30358
95876
33713
30285
48463
49145
67495
40902
48538
68335
4835
30238
3911
26791
26444
51097
54922
8060
43246
65139
17945
25964
80463
21701
97851
13339
33323
2776
11198
86208
98289
44992
2827
60529
2624
60818
96675
93637
82285
2666
48642
67325
94332
9838
80790
49641
22280
69581
15339
51109
52607
16453
97327
85989
89212
58720
36426
68320
83222
56604
26160
59432
93562
20250
65443
96752
14232
32618
35118
96466
32365
76592
11700
54421
32624
77145
58754
16190
87081
95605
42853
18784
50349
12064
61892
93794
76810
14645
24421
96317
33122
94669
45563
53120
37941
4398
55535
29221
88988
63248
38318
67865
70102
24700
31188
28365
97668
43129
45532
55514
89682
5168
85204
76563
50693
98957
14766
51383
43182
41789
14560
93553
88587
83898
17099
9989
56396
47957
27963
72242
45668
96189
80931
9719
9920
99362
61048
50051
14514
28031
88649
93764
90001
13209
57033
35924
16163
51013
80962
7411
94315
53681
51917
85607
54863
22137
53505
47511
30483
74508
43103
5553
5519
70690
84308
26260
67187
25690
34362
98236
42977
39948
89835
13293
62233
65726
37296
54125
78923
25620
69881
45920
4600
72965
84597
85565
41232
44753
90878
62530
51899
32837
64322
91201
7590
93550
61840
15784
4488
66828
80541
16383
4407
3892
75593
53806
59855
79579
17114
18454
47051
25711
87427
95646
18910
50623
86943
64680
48136
20791
98614
46191
38088
52092
47388
87619
97370
4716
41001
21450
80185
37771
52718
59887
3025
32912
18472
6575
78937
41701
4148
42975
65304
59601
16647
50683
64959
74603
30454
8005
14990
8984
54804
74568
62336
41944
77022
31596
55645
89540
67934
57269
56604
32627
12391
74992
72265
27303
28287
31224
48053
42612
9004
60081
63785
21784
62008
50057
95829
46454
99978
64144
52072
49380
5976
33720
35042
11443
98328
44015
59978
91366
58522
87623
30584
8851
67987
82376
92825
37623
94776
96014
54888
35417
36569
76468
38958
21831
13674
37674
66916
44812
15110
55293
47298
72722
28617
93318
76765
57753
57991
86235
41407
67086
90173
30406
57479
57640
42181
95590
96471
77684
75152
18706
56100
23957
37085
65096
23443
40310
29315
91736
95766
49420
66348
40223
28038
50017
43109
20776
44426
41420
10088
51300
64756
12378
55758
91402
87325
86534
92176
95550
68858
54721
80927
79459
53664
88626
64842
53918
40387
69928
39149
47507
34245
30451
60701
54048
95970
92470
14926
19633
95346
76891
46423
29330
45071
82418
90050
54403
61415
24589
10842
12472
1705
46353
99012
36436
28467
71387
7499
48152
4654
89923
19054
36208
69127
87827
61439
39462
77606
70964
85760
52317
96451
34070
68735
21730
97693
60849
41707
29181
20734
77475
70960
3043
5498
97165
96050
79190
83922
79754
49506
29106
99813
13606
18797
83961
88556
73877
61132
30787
51076
29424
74302
83740
26355
73240
15010
49294
12982
81638
98095
82211
97630
30146
65954
79701
64962
22962
38140
45673
40802
28182
88713
88650
68945
29910
57716
35431
44601
4536
91485
55102
68000
62443
38338
60772
20275
86720
86114
49902
84350
34872
68338
20592
18821
3389
58876
3039
57901
14054
87578
3689
82039
45137
42101
99765
82228
54686
93085
590
75785
56701
43211
14164
46195
71612
36376
11301
28255
81770
66535
88505
22746
10754
1817
66086
33322
51500
39923
93934
3081
38115
83294
86826
90347
18163
39864
62161
19976
8601
99114
61860
19462
14025
77946
67708
49553
41472
66873
11078
63890
13318
24404
83333
92185
41734
2557
79685
16887
98485
30106
17337
79591
45848
20329
37361
53023
2142
85744
78958
79587
42105
86624
2962
78262
99794
40324
79777
11484
99015
59204
73402
31443
9225
49642
1057
97253
49974
22421
32922
8341
20541
24164
94484
88279
40240
33620
46047
84207
23466
82133
19030
66875
82098
75774
42454
38965
6465
88237
82046
39661
97994
10870
64443
29753
83872
39068
99574
16311
24436
66495
52372
13105
96023
9143
6526
49215
97278
58148
53790
30733
93892
60678
84139
70014
77623
16907
25282
24784
58021
25973
35107
74353
37356
26369
71421
18636
25760
84157
72663
42242
37256
56493
43307
9172
15172
86273
4371
240
90752
62133
97706
97621
25173
12636
593
29596
59875
59766
44333
15401
87739
75225
37504
15217
34755
23863
34150
17651
10898
83993
29702
14982
16570
45078
41528
82631
77963
7207
32258
52635
84605
50721
97493
10832
47621
77463
14848
91970
89364
69200
72958
73370
33606
58849
82778
51670
47116
57759
26580
71501
84843
61521
76775
86242
12097
82837
42787
912
45227
87508
10963
69799
59532
6775
65401
54092
36367
54982
45152
32090
82356
44790
11398
83715
65055
34114
20768
49424
21590
15933
91795
9524
619
75501
11404
81475
71482
11748
67047
39736
49353
11020
58563
98326
18624
42897
23636
56981
60753
58867
74015
46720
35621
14964
11925
7705
13668
73688
25596
24763
22592
44157
9000
16192
43581
88066
41599
87010
49747
97706
79689
30468
89909
78067
40764
22541
40217
21184
59571
63419
99163
25360
36613
20849
42739
75040
55734
77121
57773
79265
98895
82655
839
55113
65987
36332
83947
52282
56982
33362
51840
81653
81113
42564
94939
98461
90917
87069
71155
12160
43630
26976
59911
4793
4723
30585
7628
31618
50930
66114
40862
64973
90579
58139
83672
15694
11272
44344
96638
45001
81049
42105
32504
4999
34968
23792
53362
14727
21934
33059
94420
57791
81839
99971
53847
63540
73798
17563
12555
75311
70863
1337
6065
50502
94153
86896
69162
80676
13985
64456
90623
82205
41653
17023
43278
74698
44269
27259
83774
90497
59314
7346
42761
61700
75405
12322
73352
83812
2654
77955
24346
82059
58530
15575
87209
83309
50843
76812
83299
32695
65052
63547
99848
87894
62066
45502
65658
95910
32223
6466
21491
23321
5500
7610
46013
99113
43323
39917
27252
21277
50821
98383
45075
89646
84779
62728
149
58073
88521
74925
18861
78769
37345
49921
70794
99655
65736
21109
47151
89885
74510
79295
27877
35406
92944
91382
39785
28088
26610
97275
26387
70012
15569
84349
36005
74653
54398
29471
4254
29041
57799
19549
71052
8146
68839
46198
8376
53054
1701
33485
2697
10059
79750
91116
35195
33134
88974
98426
66700
88613
82693
43520
44295
74819
77629
4025
49115
38187
3068
54276
93255
75378
91270
99604
96298
82496
53945
80252
4078
83507
44459
18207
75963
80811
1649
42184
22229
80861
2949
87105
12377
33811
59625
81015
22013
39639
42807
66463
51340
77138
9682
43839
92193
49592
79817
83258
51902
66220
16387
26654
41476
93794
66889
16091
62510
13917
60559
28050
70718
25247
34469
97813
66731
49340
53881
67004
25931
99439
51332
85790
60100
44206
43226
57117
89991
47122
95955
34962
8445
47500
84560
97031
12010
132
89718
56386
26767
2254
93470
63297
35420
36334
67415
38646
38337
52275
56812
67468
38234
98537
55340
93485
67749
24952
79905
83849
66281
94516
27291
8480
59779
56046
36013
937
35586
61693
59533
51981
70022
61866
92912
79527
53688
89203
9221
93995
2537
81433
72278
27364
12437
54370
15774
17577
5086
45261
797
43393
63387
87907
66359
29081
63140
66930
78135
4216
80086
56188
81979
83743
82330
82158
56083
56418
14560
31241
28087
60917
55325
59754
20501
42387
75912
81346
41449
92187
6926
35844
41082
12873
6543
159
33069
13490
48348
82117
77542
19577
78500
59033
21043
46493
49700
27927
20277
59939
81334
60001
73314
37046
46117
21988
67663
98642
46019
74234
71059
87737
56995
45447
73601
84088
92315
83046
70266
65816
66239
86083
72806
31332
33095
93695
47614
81964
26583
12144
13629
90303
94133
21613
37701
22095
49355
78343
70721
85637
37111
68366
12473
42754
12928
33595
42397
58978
23556
89132
24846
86404
10920
57927
94437
99384
66679
65510
13963
79453
12198
85856
66669
22000
57579
60372
67779
11881
85234
23089
68027
48607
27354
62436
48401
40899
17878
66373
32753
84320
44433
14907
28503
85730
46687
70418
42745
61905
34231
91467
46281
78626
68859
25731
71382
65019
5754
98680
10136
40092
12774
72549
58737
33901
35096
26476
84047
6435
35026
44208
56912
51578
14153
65066
71383
13683
48441
78606
544
11220
90993
1481
38081
61165
25172
59926
27927
43221
27018
17511
67204
16529
16243
50868
69457
51779
62749
93693
29362
5825
65863
83584
14170
51834
23743
55476
75895
35835
9703
409
51957
36263
15627
60030
71915
95547
9837
40377
15046
88164
44051
60452
20432
74390
38615
90989
14570
98099
78411
18322
79626
78525
76008
25717
47687
94651
43188
41703
96160
70866
49777
28491
5117
89859
31928
78522
90933
94827
13009
10351
86423
42208
12795
96297
56327
57827
7511
42296
91367
34440
8549
68455
64022
22759
89802
23968
31783
69913
99708
6445
21962
20682
78605
89319
16912
63902
62182
68755
22957
9840
61375
44579
11818
79116
64245
87685
57262
71659
23161
62725
61504
53877
19768
93911
43212
11076
29747
41679
74526
74280
13026
88533
25886
12092
556
5101
73392
87531
79329
36788
83609
79639
74864
59103
24284
60032
34897
48339
49464
51616
23
39208
42497
68198
91762
7704
33166
95515
42547
12581
35015
8935
75139
3546
28881
95184
99401
68510
54499
52997
42364
88785
30288
60440
79142
73377
15831
77211
24396
3102
80199
36157
63406
67908
7860
98493
92055
92686
18351
79504
64493
34467
7094
59487
48746
51310
90494
38008
80897
38017
94775
79643
28010
75745
58791
37567
99983
52374
29191
71764
10402
33201
69590
15004
91420
61646
52742
15962
58671
28411
31641
56295
11525
21941
34243
21829
61784
35520
85118
6410
55636
49385
67018
76895
54992
32922
86358
27488
38435
57743
4519
19935
87764
71768
32756
62571
49264
37855
44450
36179
76906
66342
28352
43315
70531
99489
79210
98780
39158
92532
96234
91247
25908
32111
98517
93869
25470
3294
51069
73650
93118
42402
34215
43071
70877
65272
85326
10465
79661
50099
13498
89030
29279
34257
56994
72531
53435
64057
30703
87808
11707
64235
15412
13446
89616
44886
29472
45232
50915
27572
3138
82487
35262
43657
7396
13193
90486
42318
17999
66223
5120
58232
1201
87526
74937
37611
74298
35172
13074
57008
62241
31938
8212
45946
76644
44159
50561
30184
35290
37261
26238
91538
87998
41267
3157
32920
90607
13770
26057
33634
75818
93580
15622
11084
52200
3426
61368
73708
74233
62475
35046
52036
28852
57918
76065
14405
32056
50784
42632
58945
71139
91057
39146
15150
43480
97124
91692
760
71815
74873
85108
53353
64339
23985
35017
85769
7419
71879
58081
68540
4492
44068
73412
85552
74973
85755
93656
24730
79933
36988
2669
56886
10198
40163
92349
90162
7121
51137
87987
61604
64105
74552
46296
29436
77590
42459
22144
57044
46808
63886
11367
12904
25567
55732
86859
4136
13460
48943
48538
70855
60587
1908
62312
47602
43059
47230
38394
18005
18132
43089
38182
53224
61572
37037
90058
79613
29611
39814
67021
24370
13601
82166
39668
12945
3278
70638
25212
28597
17952
99196
26520
26649
53056
60902
52700
34654
70730
2238
72033
94189
78546
85850
55951
51215
7749
67377
39284
81451
43157
1676
79966
90856
47164
18713
60567
66026
84036
92035
1148
77684
70391
43653
63903
60031
89848
78822
51499
89539
45575
50221
43253
48543
91659
87406
40935
59674
92443
662
7913
4341
54602
44293
4987
25451
25539
40974
78182
9437
22712
42053
90170
31326
93506
70218
13728
25934
25965
54914
83452
46191
29400
61675
62414
32205
27206
56708
46745
9743
65191
35377
37868
31929
86157
4203
24424
63341
50189
11079
32639
59701
47001
1429
95207
33672
69539
77127
76565
83580
41594
22749
50551
6438
53017
1728
88487
14822
3312
91601
31947
36529
61418
17598
55955
6172
25732
88639
97569
60431
75726
4852
29680
88923
85592
70050
44064
53877
51134
65712
74161
21381
56888
90956
58885
63022
80478
71562
37844
8006
73312
42773
91252
83328
76507
75722
97145
97248
26448
22926
59457
58882
57647
24360
52908
81770
22458
41222
38230
85394
30338
40767
40836
81089
67662
20597
78709
24361
30532
49532
35964
64891
23472
89014
82330
37004
73167
24851
42503
69576
54141
98348
75138
28934
96746
40340
10147
14265
37560
13182
49875
56620
19224
74542
97138
64313
55507
64144
69066
16389
67870
59616
55815
12453
12340
734
64630
16396
41376
71478
39170
43020
82154
27942
23010
98298
98202
85573
27879
18296
73703
77137
10677
81067
21948
46739
93805
17523
18657
53340
20571
52382
14499
66019
96300
13995
66646
30640
7138
57977
78255
22203
71113
21431
26331
69894
2330
95644
36795
84655
69165
36818
40472
10638
81156
10239
63059
43732
75955
70356
29265
53244
95482
77656
30469
32709
60131
68483
57438
18897
7238
60304
82000
91262
25783
90872
83248
76405
32995
5885
65452
36073
98952
22207
58580
86652
54160
21360
18583
45771
49128
67424
87814
90027
60330
12278
89955
99489
18360
12086
32839
83695
22413
82745
97197
98937
33512
9334
9164
95627
73284
46262
99357
50144
30570
99453
25296
93381
70158
78128
10423
43714
34550
82569
67827
56075
9105
89859
65853
71009
38984
86272
50675
48472
19281
73431
8426
79451
69888
40942
37803
41621
60051
1204
83052
6252
54666
19596
24225
5960
97432
74684
76662
35465
82433
13104
69815
96011
57199
33775
91060
83508
97424
98977
98090
31892
35969
91154
83539
22672
27511
8985
62651
59887
50453
3257
80255
71584
53677
60888
63738
89554
855
86563
4509
51297
73276
97908
62671
2612
33108
42682
10016
87361
27152
31231
71904
21599
47806
37353
52353
75997
57366
41845
49576
18323
70929
65082
55401
30767
59083
36622
37592
83969
59379
26235
46201
60918
18371
97098
76323
64816
1782
58178
94912
38566
52054
20112
44524
38789
40219
39092
49262
329
73544
81896
61403
56016
67089
20240
29627
57626
54158
47188
76081
40315
40156
56503
24570
39637
59998
31270
16533
28789
99632
79161
84745
79784
9891
77820
939
90738
71293
37840
66010
25306
25903
60891
74671
42987
14952
65505
226
53194
5419
24231
2737
18473
18409
29465
5842
67664
20443
71345
46505
93744
54549
71206
69407
774
41389
4476
8057
12752
84832
6462
58183
16645
23070
27301
83013
27780
2172
68650
83372
97088
85223
56014
18312
46264
94166
88319
21117
96438
77077
90817
61706
22756
78850
33501
74813
97433
45145
88144
13546
20959
6148
38631
41404
95077
77996
53507
14016
95376
77938
41636
41042
25549
22918
9287
14193
87787
11881
8256
66276
82160
40847
8788
75553
19523
93725
34384
60282
98944
21162
45422
64144
21609
45224
93291
44820
62962
15163
33149
43562
64529
64235
56563
41942
94077
94444
85840
64772
18703
55416
90651
74800
67699
99214
72443
38978
8491
13279
99955
86248
28904
68121
28733
70138
96728
31076
36016
1519
58047
60120
75792
78601
78662
74958
48673
30686
29392
83821
10722
2960
38398
81714
24921
43054
68588
24052
52443
45697
42127
15277
76692
93712
35922
84419
83680
90255
90403
32927
69071
91946
16671
77784
7559
79997
31226
55375
83303
4454
30654
25593
40430
63486
99878
24665
33671
78741
48227
7931
62237
75191
66566
44345
6383
50935
66907
73652
2365
68808
89556
93988
81799
77028
30167
19535
66032
29715
83155
46399
17264
82029
41999
96104
86986
6594
48287
84148
13648
66688
42044
23562
51705
84885
81627
32864
22857
95875
36891
76418
63356
32998
58925
45625
39001
92763
48385
29681
34007
81241
71263
2136
95734
25887
38255
61494
31028
35890
91273
56695
19705
53618
76792
54977
49491
88132
39527
52933
52385
83152
57375
67098
44361
41652
33425
65129
48888
29890
67521
8549
85870
40331
74343
34401
18050
18576
53707
59514
96156
97797
60326
72622
55546
28561
30133
62011
84600
53251
80552
67070
27904
79104
63603
58974
9838
35797
66621
17111
55770
12899
16252
98663
87735
82112
94007
60293
51400
651
99634
53020
29961
30804
93060
34182
50954
32573
25505
85017
10118
27481
84150
76447
17701
54608
59908
69689
73712
24034
62434
40956
33761
10114
22440
25073
50809
2486
36148
59950
46660
51027
15673
97710
24178
47204
25644
21130
90521
75126
61006
24863
28771
73462
15699
94583
44694
78303
85532
54039
37202
70668
20373
8074
83752
97942
1449
57395
43224
73712
90057
99122
75249
28730
55317
80442
74062
27610
87967
96990
85651
7358
91614
80774
83765
99335
43297
55863
30629
78717
23045
36559
42701
93357
88073
19795
83291
1937
6117
36236
5269
57221
3101
16540
48864
5759
34803
74222
35001
7872
61829
54197
16253
93057
60747
42654
30533
52714
63905
83901
75430
6888
53010
78943
9722
68325
45765
25566
27765
14211
58797
6200
85571
20604
27974
27282
13488
58437
57258
90056
41184
33105
56586
97386
24661
35352
21024
24146
11242
53106
76205
66774
68296
30321
98747
62616
75612
57580
32579
12161
11112
46462
10964
29099
15225
21864
5155
18661
97295
41346
35638
39620
95081
96079
26663
4304
45224
19120
9070
14162
32064
55822
31777
63752
4607
31583
99935
88463
27403
68634
57628
75996
45548
49042
32002
38536
10645
39961
85762
13264
52888
85345
59360
33767
86970
75207
125
57167
27072
11326
28765
56144
66473
79037
84727
59218
20682
98085
91904
83876
44439
16113
64763
34779
31671
57031
5322
61855
71903
74922
99081
98767
98742
27346
98091
9086
62515
68634
83370
18611
14412
87929
7903
8800
90061
65407
34220
90464
46564
4335
79518
15877
3866
19705
11464
36690
72482
8278
81068
722
34088
85856
80947
18745
68582
23558
95663
91274
16173
62272
6355
25567
96230
11937
24492
35149
99525
58366
39869
819
74370
83958
48633
2873
47159
83946
34416
98256
92429
78166
63011
45608
44534
30825
16642
22340
36912
6309
37568
43917
78052
8168
7651
37445
10938
87826
84023
62899
49502
58368
88990
64422
94977
56231
11127
25245
77173
9177
25758
74330
75395
80590
43187
88715
65667
23860
99117
91655
69127
69688
95908
47261
90408
97845
51865
89801
77622
3081
91020
22885
65438
34027
9516
72097
73095
41793
58843
15713
78157
13024
52214
26263
71473
79412
24174
28683
58990
79598
40679
99651
55784
81811
91872
95400
28024
33082
9776
15039
77252
20831
63841
83328
55522
55833
73323
38178
64585
37785
31432
16241
64952
36320
28315
83340
43184
6903
44922
23459
50739
25293
26364
47479
96022
40251
63519
2530
46763
43377
32560
22373
38474
95089
45493
90201
92912
37975
82873
16836
12547
38617
76741
69393
51437
30528
80407
67132
26657
38581
21264
47662
51391
10002
32239
45000
48901
58614
32252
60554
13926
41100
60729
89556
41700
83765
51414
43030
45076
86751
97808
5692
68089
83327
5955
60398
97677
69922
56638
15658
77337
89473
46490
21501
77140
93069
54707
69814
18745
57420
62700
13212
16492
93056
66854
19543
25422
55901
52029
4053
31456
89499
42246
79333
71771
85934
18130
29828
10035
11103
23023
73061
45737
17608
61235
9374
13413
8661
50833
96639
84366
27343
27002
51040
5122
64964
13367
41293
79505
65306
46805
1386
99318
61081
64018
70949
57665
72652
72551
14183
69959
43374
40432
47091
6663
55050
9215
48980
26275
74601
22104
16731
18809
58544
73196
72865
39287
98668
27303
88778
1542
33580
97012
71635
91045
65414
73941
69772
76328
3112
45386
91412
8312
56760
85528
48891
39547
58828
96544
79155
81866
40363
52795
97657
35682
69588
80386
16734
98464
24588
89829
58990
17373
78001
82511
58943
86403
34922
63316
9854
36910
72745
72909
49548
87223
98912
18487
68163
163
86916
10931
44428
10415
10174
60515
68410
68380
53912
62900
26436
10677
43564
86541
60745
98845
99591
35316
45215
92802
29334
97574
23566
26068
53345
33475
24322
76407
3511
64626
26207
34005
90267
28643
60440
29778
72753
71240
30123
58372
72872
59395
61075
26371
11378
69033
86652
7238
14887
65137
18042
43319
44976
35416
83854
10786
93
95001
36289
95402
76559
72746
33270
60786
28514
69805
98771
48968
78893
55380
58120
81150
50059
81083
78065
25642
51661
52569
46396
50224
13341
93016
80292
50573
72395
31682
60269
37012
8860
50616
85642
34915
23461
70255
48911
69434
25696
36402
42390
42580
30949
96614
27259
3808
1416
70713
62192
56325
7034
84762
61589
39145
55375
68814
96003
33427
26626
83402
45054
19516
60891
69108
25796
46701
48596
85782
55441
35816
22395
45516
79675
32785
12670
91812
2856
59036
76279
97254
15848
88176
92698
53026
67073
41648
71334
45251
80919
27719
11632
53195
82734
36393
44394
44374
91533
74337
68374
70207
76674
43701
19484
15712
15474
95505
90644
40469
77951
2486
25885
75988
50355
89251
23763
15076
49060
97427
98195
35137
69173
16373
38718
43889
89522
36727
13129
14770
85839
57719
21065
27807
23833
9011
11167
86768
13137
79499
2651
58015
45996
23320
36318
23362
57505
87792
14275
77559
99924
71395
27303
45510
81469
16014
24609
54052
26034
25553
2063
97533
22477
49142
75703
52311
65868
82461
66242
86700
78965
97876
6158
31560
91610
8325
95821
72338
26017
93012
52656
54754
93962
60504
43044
91324
17296
2466
41431
23844
86090
5807
92008
94791
4318
46107
56930
25489
18535
20721
25524
27406
10450
88159
71029
67551
91022
83449
5227
21632
2759
4022
47941
60827
5121
67807
1342
96895
12244
88285
27548
57037
85518
92493
15591
51429
23802
79088
88733
99010
1187
44980
55386
19286
62663
37865
17998
51436
70512
99401
11108
82791
54913
61007
62158
77770
52942
40031
45072
33190
50189
45400
82295
91958
17231
60920
5318
45059
43288
1017
11908
35400
43472
14520
55043
19029
8278
85684
86314
12901
18382
10794
30315
41517
92470
28639
30904
88440
28620
68618
27952
89405
56800
48926
54462
2098
65646
55164
12916
23003
91316
51942
93013
63378
41464
10769
55200
17430
93278
26137
17289
94214
30772
47471
16843
31085
90578
34054
35464
80315
13715
4947
51333
21266
24259
2339
46706
60762
57089
46185
90101
48949
11101
83090
64235
53905
34021
20283
57924
42371
51571
93134
83063
83711
52700
77311
51888
58081
55004
53482
19999
88970
46665
69313
20340
65362
5895
33845
59982
61128
14418
61985
18114
29443
17164
22370
86289
99142
93348
83158
24091
20775
76844
78560
43825
26270
26605
28923
16115
41457
15228
15173
78519
34245
97380
41159
80203
55115
64862
77135
17887
34789
7750
94898
22045
4937
36225
78323
23648
24171
26817
13849
73209
64157
89733
38078
96089
95444
30140
27955
87026
60065
96285
61899
47305
10299
87871
70101
35957
88745
94000
67730
15315
93687
29535
12893
14973
26961
38296
25804
99145
93207
30743
10106
93225
31678
50120
57496
61359
24882
20280
85257
95966
95564
19775
2111
17134
40178
65512
45450
42232
68711
98974
58518
27087
93114
44524
9321
5903
53091
79018
30832
56394
29271
47172
39226
80890
66733
26205
91944
19898
89883
6711
77457
28981
75268
44068
62535
86649
45885
575
41697
26786
68590
91360
58070
46636
91197
68456
67829
38948
73312
15337
79305
65931
17204
90634
42231
29808
30502
28818
73660
16809
27659
14384
5580
60293
69500
2464
28103
50152
19113
24377
93648
77921
53336
99630
3173
59176
21710
13105
23261
31327
12039
55921
68932
62568
56778
48342
38680
70819
93435
79181
80034
28785
55887
87145
54249
752
59604
27267
76832
61538
84556
7963
89421
54428
51958
5637
69268
38987
76075
84894
97202
38014
1951
11104
56232
16602
64107
23450
86584
83079
2650
24149
79791
3015
66656
36415
73136
10673
68549
68541
70824
82636
8527
63378
47444
27005
20380
53312
6924
8996
38039
97818
47843
70745
28022
51135
86751
63851
80445
2994
69245
4612
45983
64088
81171
72577
32537
705
48207
10349
99914
85817
19482
47928
82541
41772
65497
19252
77134
57899
66770
59199
18562
85526
76163
77360
47825
34545
34591
98216
60054
5780
49886
2832
51629
57536
21434
29666
43157
43785
11929
19023
33144
93521
56310
15064
78941
67037
48045
38313
39588
31264
22702
35739
14994
61815
41521
98584
5099
83047
77834
82885
68890
69452
38588
64225
52594
99418
92437
52915
81535
63973
12701
71761
21794
49668
78870
43136
29415
4688
57751
99364
11867
2234
42925
34878
59492
87905
3355
60877
1528
93214
38163
61779
917
32233
67894
36294
70234
87475
65668
41663
52347
31768
19258
21705
39033
38537
59514
45528
14166
76648
38109
58482
24038
41392
71934
14101
49239
25767
35924
14351
40756
86396
53761
58934
75750
72523
85880
8576
43884
32946
100000
2931
61692
87263
6225
69830
70397
19013
50467
99312
43975
33946
54533
45466
19972
41502
38769
45248
85615
93332
24802
37654
31366
47928
25008
45740
60707
97890
5238
82032
43057
16802
56596
70051
73296
78799
11509
97488
17845
39438
79612
51663
66606
12595
98009
65291
49537
53857
32451
80304
51201
72115
44464
47158
965
60855
24126
8700
68597
5946
73485
90139
66644
11003
3904
75584
85229
37610
11144
86533
94143
52622
17247
96464
30667
92596
72934
68571
59846
24517
44941
36399
62940
92324
54338
64944
4460
92223
47696
12123
68499
53020
22626
37758
62168
82246
48312
75623
97750
60498
92835
68905
84363
15859
91457
14207
67988
10018
48970
43693
29857
12981
32953
72257
29994
60844
91384
76324
83951
32736
62108
60823
60525
32915
54185
4512
17539
9355
87548
27025
23664
73541
79097
12715
29164
38694
99441
80895
40693
7717
74330
98231
99515
57290
23983
96522
48295
11792
18918
90665
21577
47690
27630
64248
69101
78090
78374
37783
92042
26859
57769
28227
21428
90270
89000
31327
6593
12735
45195
88938
71356
31302
21845
73868
12468
64733
62942
75379
44264
30415
13356
6316
48798
48455
39689
47287
26438
67321
79510
62318
55453
91014
65399
26457
65606
86014
56143
133
32182
63045
53838
52924
7288
28710
6098
19042
6983
61607
60820
26741
55281
67461
42379
16434
71539
44078
41096
68492
75956
7102
90159
53069
77950
93744
1839
63113
95527
9689
99289
71580
10587
47766
21368
82273
25673
61575
43092
99651
97850
16918
69051
49755
87535
30890
84349
96526
39542
34787
6927
1713
607
85976
2156
35406
47328
98440
98524
27286
58597
55706
43589
465
8086
9072
58052
29823
21028
95085
70749
31185
13765
77845
10012
73745
82295
56750
28955
98933
13746
60020
43282
40136
82485
51035
71338
90342
90417
69792
56281
89122
39222
57522
15786
31234
96941
50230
57121
69282
21425
41072
83090
46189
58135
83703
49185
58116
18083
278
84107
71106
44794
551
86382
13120
46994
94404
96099
40793
12584
85210
75375
27936
33716
33549
37449
18704
98500
895
62170
59442
91502
30324
84964
84059
67441
8634
55197
78390
87922
43547
19107
69519
82835
76502
17579
20114
31417
74919
42232
33936
86109
53078
18947
98024
91604
83712
38772
90178
98824
63548
35892
70199
44701
18471
68923
5704
91378
36845
40330
83894
77716
96001
24460
49912
92417
12554
6995
92791
59491
88843
89753
77646
34471
10677
32001
25270
14919
15035
12193
93444
64892
69368
19414
10642
97929
89639
80084
92339
72624
33711
86640
81919
35105
79824
71129
97142
45287
55742
44022
46416
80648
90251
46456
7207
93503
68
99841
89120
51428
42358
52588
59305
13422
34042
48190
95703
28822
50063
56103
84367
19535
20342
76411
75943
1768
33301
52631
34800
98570
28836
26452
93375
39986
35825
64438
15596
877
42809
13139
92500
65195
54816
74889
34366
18954
39574
975
78629
22620
76222
26740
97931
68578
30569
77799
15502
43817
26053
83557
68850
66673
42762
9203
16237
90589
42021
336
83158
45474
10297
67683
2745
6171
95565
68512
99869
79313
30058
25915
42037
23768
14673
29516
41156
29461
39649
2793
25258
82560
68174
74817
82544
18912
36596
21958
81620
18353
1299
56445
60883
82604
66764
34013
69964
85216
50447
74631
13412
36445
62112
54619
85665
55857
37031
32964
86451
58437
40415
99932
23664
88538
2849
22070
74185
13773
36132
87548
61732
25801
38563
57580
27703
49845
45054
91984
27766
36797
999
53284
62890
25483
50510
69823
55434
97307
15221
79930
4013
52287
57133
45752
47698
76717
58104
68925
51285
63439
30918
71789
18877
50709
97818
45137
95117
51312
83805
4260
82793
33636
67911
20635
84626
74624
50799
56726
64425
81302
98110
88681
12885
32768
76880
74234
12835
24790
62444
25890
94170
13751
13566
39985
7820
40238
66222
44100
97023
73002
65154
36982
43281
27749
29319
43227
93543
48732
8180
58185
6595
10840
16696
61387
64771
49214
91024
16328
39078
22096
57760
82496
55648
60573
28316
95726
75647
91710
89338
51722
39562
84003
55185
41372
80970
30324
51061
58202
4871
85483
39912
36662
1109
30228
73252
7890
98240
29867
80851
99215
68627
6361
70735
27239
59547
68472
92936
84740
44619
66841
33296
86377
81559
73909
52181
25088
22733
65404
26852
40499
25680
2192
63237
96384
12020
10355
48171
3256
49751
40084
56541
79567
56167
71881
96955
82210
68132
83987
20077
30500
96303
91978
35810
50870
35392
87091
11803
32171
1350
2551
38139
22725
4224
47971
5767
71866
37318
11598
70330
97157
22166
59143
82136
21212
5647
70489
39786
33129
89072
14448
58676
3963
41021
62937
80322
3515
62378
58488
65099
93562
61510
44282
87002
87243
88290
43558
26855
60566
14535
6461
92787
64291
66266
97959
9955
67855
26945
7991
21128
14027
42126
67714
31342
70665
80463
35812
91474
79247
34370
71294
94100
25710
66432
10925
99671
19950
44357
92593
40454
71639
97387
77095
42370
71504
50170
29293
44053
97814
83106
13878
86930
59173
5798
54133
74031
27806
8871
85001
57502
59942
10024
2081
51438
33098
54249
32850
58798
2960
72453
72328
28703
41591
47766
82358
1897
77155
56817
45709
1936
26616
63306
4594
99362
67215
54654
1186
39056
64826
51812
27511
43797
49172
68933
32554
73624
34755
12482
55285
67811
76228
98020
95488
60941
4961
61633
80497
17933
51339
18956
44937
43665
66580
8870
87264
74919
38274
18256
97375
75739
73983
81638
65786
37045
53781
14557
68540
52295
16102
40097
44753
3296
79908
50165
19994
68732
27352
68502
41646
73612
88603
83977
59616
64158
14
35200
9616
75355
36319
21231
81574
3511
19684
96592
44008
27799
368
91981
53837
52467
64149
50979
43055
41368
33529
95607
20022
63245
57868
19899
59579
16509
87783
33149
22388
39262
20452
85176
13681
49470
42405
90052
92349
68392
65458
95049
98512
21928
54267
29535
20021
6167
25651
99984
6913
90153
26066
2347
49340
21918
7667
98183
22073
66554
48538
17363
61787
57720
9072
23065
21687
39378
96422
50509
47926
68455
95863
95643
77791
79605
65862
66356
1433
89380
66455
30115
88468
66723
58362
39081
45424
96337
35818
17837
94083
52039
76220
26425
62549
70169
76979
31579
15776
22329
44291
1553
33689
48802
94966
69146
62363
70901
53065
54329
32040
77799
82845
52195
71346
71732
38844
57497
82163
83178
85994
63327
33245
93682
11544
48755
29988
85045
89307
97083
88223
73523
45279
31943
30265
69275
39182
25229
11981
41516
86702
37039
95235
51153
92556
9523
15081
87135
33003
43846
75163
67196
66996
21546
6107
4325
55197
61176
10763
19111
93001
25172
17519
964
74376
91636
48004
18176
80101
32043
43421
61085
2338
23416
72207
26503
22836
13159
59854
48781
60589
76525
35092
82332
87664
42645
28277
1588
24705
38262
68658
82831
7446
6708
91928
95428
1553
94388
31691
43541
30274
21278
5860
32484
74670
94407
22167
16154
9526
33984
80544
42405
71196
32691
16339
7954
49654
88
16193
48731
16037
16570
32854
11433
17752
54978
27404
69159
55711
81025
3423
32596
31428
41597
47463
62195
45568
65427
81302
39237
81508
25489
58729
91384
61114
16970
31272
83225
6153
13699
33484
85327
70051
1858
6626
76963
83895
63330
33471
15822
45172
29612
97479
6332
17101
87588
57063
39836
6953
91754
67892
55715
78954
88669
57627
15642
6392
65020
39748
38033
19797
81603
90545
17464
30148
56195
44134
55712
24781
57532
46482
36365
61643
20749
78689
81416
9816
35904
53300
27107
51000
91250
83706
67054
25974
19163
86732
91116
59351
41104
53041
1553
34610
35128
20638
69991
21305
87115
3727
7762
79995
8050
53453
59684
38141
39347
4332
50137
59901
68799
98749
3757
15064
34566
57115
14138
5338
90194
73016
9910
58684
8789
17030
53956
66253
76433
36525
24607
33346
62016
60197
99738
41008
53118
68305
8323
98466
47073
24937
71466
86498
53123
77254
24216
65993
11942
55849
44944
64941
99734
32902
42825
10522
28955
89769
87483
57579
14923
10385
87985
10772
78454
97136
39961
5209
90679
65619
92483
57098
76183
88734
85404
87852
71681
65816
37149
39635
1099
1948
84543
16956
87862
56483
13204
80407
57516
89863
32322
52426
13950
36727
1380
70452
63253
31186
2868
92993
24652
9809
70166
6594
4882
7516
28348
83325
19283
74451
84541
16546
18143
65264
85110
13547
53845
10975
13134
96957
81998
90118
30095
86890
80549
85300
93239
78631
93471
69618
62900
37402
56102
53606
35042
78708
79817
38226
3650
45861
94139
95522
46191
45061
33328
29546
43729
1329
78904
8266
98766
45754
40345
36668
86349
29473
47836
25623
90188
66315
84071
4881
44424
60455
40357
73547
79943
7329
44991
45101
31408
68282
20707
56815
52634
60996
37756
58239
80047
2085
70873
39633
66763
70974
54686
43281
18494
16058
17618
76905
46927
9635
66146
30378
48819
67377
38686
80921
53510
84517
59493
13145
69697
41297
78923
75336
59955
40233
80359
98446
38420
34874
38535
61337
13617
15530
53501
10588
75934
73035
6866
69662
70468
70577
27132
75535
18537
22252
53360
42793
96598
90580
57233
67973
33999
44238
32144
21221
78416
64865
1227
46941
71559
65076
77707
61048
71367
91559
95485
26475
43569
11777
8513
65260
39657
54446
73607
8637
83589
26407
83719
63590
56427
75568
97615
45103
49644
72111
42061
48859
80946
24262
15020
52545
28149
3469
13594
19450
24785
7064
3248
72829
71599
82864
73488
29223
92432
16536
75293
80689
4240
78047
44306
70219
69325
75482
36139
74906
80264
34446
82840
28881
36110
69431
63573
51857
50362
12829
85070
20506
25192
42674
72425
18025
23519
61060
8682
67973
15594
85790
65269
39665
15649
9972
93588
32659
23024
17099
24273
42248
7673
46210
64228
20128
28656
70381
25003
84488
28553
23992
27512
4546
99392
16006
45717
35802
67920
37654
53834
29114
5197
55884
94289
5963
58080
49414
60725
73080
36962
4149
39232
56263
55066
78981
80738
34867
78063
78329
39946
17401
36790
17135
64090
19701
922
23973
62608
30241
70593
48898
13168
4100
43165
15454
43229
51118
76897
94809
56184
69815
44880
16667
60729
45034
30555
33643
40741
19759
97226
37308
43188
44577
39841
74660
78026
91014
50844
74653
50343
28764
33429
73606
29960
65779
67991
95177
21724
93167
61686
64041
31159
34673
18725
2607
2386
4254
55473
64644
56851
32461
53009
66768
34019
95116
67967
50246
46551
89574
3700
57925
63295
5727
53213
64246
60371
40997
41009
22272
54395
7909
30824
91826
51912
16831
80751
98647
36441
12013
25358
97135
47819
50803
17357
4612
59888
94165
14720
25584
78484
75852
65200
99424
11786
97873
67416
36403
90383
9115
30253
61459
19312
29771
51405
14902
84318
53974
42666
23094
8786
75588
21919
80560
68578
52296
79479
41119
60251
73575
78745
393
93118
90094
98856
1288
74007
43833
10768
20257
24370
92117
5168
35915
29054
69957
70596
54731
81785
21433
82311
81893
29836
15146
69542
61605
53956
15999
93304
89748
6962
4452
18753
6336
76809
21918
8420
90746
4699
39443
1741
99136
60418
14179
23553
91513
74032
20927
74005
75831
95212
81500
73432
96022
97197
81152
30252
19919
24901
72201
22845
54380
85600
55324
75035
50945
21228
43607
29247
40546
18435
52572
96343
47975
86929
85043
94482
3769
86573
37237
38485
35486
61908
61992
68399
58779
33787
16824
38089
51287
15257
33653
5911
98097
96099
54121
95731
46599
49268
84030
62288
93333
14449
42379
32672
78982
61806
84813
84932
89500
88721
4875
50734
82999
34662
50828
5632
14156
45187
39688
55708
67597
94870
7933
51518
30103
74134
56205
84949
2385
20089
56575
41910
61303
2786
64205
28005
19515
12713
7760
76853
94027
13402
38477
84125
96115
13606
60490
8636
18429
47375
35296
91456
39707
45305
83914
62829
14633
29504
47767
50126
40636
80303
76237
8265
92794
99449
69875
16938
12079
70364
87005
58614
19303
47573
86131
63439
23748
90653
55977
39978
32811
78666
10731
43885
59952
26498
67492
37159
20192
92287
66517
50931
91223
57467
16311
45228
97865
65976
22431
81417
42057
53544
41223
33342
21720
32610
96912
31071
71911
25924
11937
43429
30076
89419
57478
78847
68702
88670
74390
22403
69196
87443
80634
21234
91168
75448
78327
24236
59894
38501
32960
59311
29723
97357
79705
49933
45859
69942
56657
35243
48497
2593
25516
42364
89826
21687
43927
26919
75829
62375
92130
83562
49910
65469
62375
99140
36924
28406
9560
86742
24987
61933
93610
65684
85198
44284
46978
79957
60767
17898
79904
3187
86509
5930
59077
5132
62384
21581
79335
91709
97303
36985
77759
96825
81071
29623
24826
31358
64438
23655
17032
27054
58916
34559
29761
3299
31094
91196
48458
77888
65968
74801
7014
80389
91378
3882
53685
5115
91369
88763
78349
7258
79185
66663
20702
63252
96257
76823
95961
42979
18619
83791
61398
73963
37206
5081
16270
28611
10885
44856
54418
93500
80606
32601
74442
28337
57049
85946
46241
39348
9684
83597
24913
65170
72988
79987
15253
54686
83234
11381
82444
42345
74562
50592
78374
34412
95322
64187
20261
99570
57609
21999
82133
96316
57688
68070
26356
85993
10866
49821
7488
65368
56081
55939
3085
15124
98222
63816
60534
10461
45034
89177
57548
60711
72261
82921
50470
51916
73535
12963
24633
54641
21033
23357
54051
71737
95139
3949
47629
37104
88384
60223
89119
40873
68785
151
912
80529
87472
65228
53498
32960
74181
16558
26909
65533
38474
95254
44151
3036
48670
80346
14963
65344
9700
52905
68338
49169
91421
87303
41861
19645
18476
70066
12758
73168
88265
36184
73480
43961
2489
44304
1332
59630
32699
14132
35490
66212
76483
61498
59378
3388
9434
82565
18676
48870
21238
40050
18113
41322
39910
37510
27884
95216
58719
9195
3744
2319
84275
27894
63865
49533
54482
42986
5066
91719
45827
31587
92354
10148
31444
31722
12206
6163
62228
72507
79998
41517
76924
80932
13066
86335
23567
37055
20120
26148
97781
87876
65073
34806
55989
36595
66679
65707
58139
4070
48186
72641
52408
97401
3488
9879
55734
94444
13002
3112
20287
28902
83504
56651
51527
2997
57921
756
59474
92945
16840
82887
50514
9984
11599
24460
14957
24091
26659
49530
54283
75113
56238
20897
99545
26624
6869
85216
24120
52097
99920
13705
74611
63632
69941
22394
22552
34100
20019
51840
38291
31809
92461
75213
83826
52118
24748
70020
19338
80546
27213
5171
49392
81827
37543
66622
22733
89230
63561
81911
95643
93752
63705
50069
8232
72143
95944
96428
31724
28605
64779
59261
66473
47668
13385
85293
68735
71387
76488
41332
43867
72437
33530
81949
25444
29113
37174
47859
64058
43501
10877
38145
20515
16162
29027
61980
47584
37123
44297
97889
49732
25629
1321
92874
79962
93899
65581
20994
65399
13604
28264
48149
96456
70176
49313
82737
72353
75364
6589
49968
10341
32683
9153
92273
17201
69973
82841
57817
11925
24588
5702
35994
10078
588
74089
4194
97207
55588
67755
74054
38764
3336
19329
93200
7935
30261
17370
19141
54650
86845
8113
77290
28094
81391
71409
61903
65735
71780
85483
2439
11372
19021
29396
81901
32057
72000
4391
69439
97702
28834
37599
95310
94237
90650
24931
11246
25215
20777
16634
1161
51462
90695
70337
49535
16640
20596
25183
94985
87241
95238
8961
44008
43734
23869
64341
18041
17374
31898
96615
95171
88826
8316
215
50305
12747
26458
54734
90717
67198
89628
59045
21963
66549
48410
58627
32605
99652
10650
61865
67428
77003
48907
95698
12488
2802
25238
69847
3957
77414
8905
60026
47936
68981
74978
99101
29223
7512
31792
34522
51654
56636
2991
66688
27618
63337
3055
74723
59882
53620
10902
17864
54939
23482
253
67433
77045
78481
4117
81746
65960
3567
78956
26916
76789
32472
51770
21245
89279
69240
8569
51854
19056
55862
47834
42133
79011
65764
96641
4285
86914
11070
90198
85752
81433
11903
4842
12078
96159
42763
39069
56206
99894
47901
33536
70869
25668
53082
98780
48635
96262
85555
21167
7494
85369
17191
63196
79197
8121
46129
41430
82880
86920
42165
57850
55887
21638
79798
25777
3256
79218
76582
83137
59272
6442
79588
2950
54478
17682
11169
29659
13003
57707
88965
34844
41023
6647
25837
79557
67544
96098
83746
2689
13399
33960
27882
53065
66447
2957
60694
63086
86810
96255
88292
62758
56092
65556
45881
82641
53313
37730
42374
86649
54908
78440
60265
53775
24100
13833
31911
49502
9323
58911
34501
5200
77165
21447
7603
56627
93771
98731
37483
75611
70588
12105
86072
35975
26703
31535
86635
36165
5342
7094
29467
68578
86372
69919
7533
49292
31481
78721
87386
22953
5450
26591
96936
2243
890
19523
75924
89056
78430
52782
4101
43643
38393
14960
18498
38419
97562
43692
26289
11140
52122
92214
55052
48347
33385
65009
34037
4460
20651
4893
90288
88396
56105
34868
84360
23051
63594
96417
49730
41764
94769
55885
14686
39963
99043
65272
56932
2628
35263
92240
50792
62962
29284
8057
50895
30631
22689
79546
10595
27505
49755
39914
74569
83102
72302
42617
15758
67493
79988
4807
23491
74599
42698
52503
73316
47541
82230
73388
16203
68283
42598
78905
18213
86958
58674
15203
97494
69311
82622
45780
11212
60447
92478
67000
83665
25043
72468
28489
98046
9890
66929
44923
51741
87324
97659
39436
22386
35296
52512
2379
42443
97323
87256
14034
48860
45569
14370
10366
28713
37374
83949
84489
78603
62502
99649
223
73383
37904
16588
15495
87666
78594
85148
84034
36553
15236
7259
7794
1584
57671
43421
92107
88405
28258
31886
34479
38036
32795
82117
70973
78689
2452
50125
1471
70766
70284
76782
34022
65292
9635
65720
81018
55853
12675
75312
91021
96910
98862
14435
21830
30149
63
62743
19185
96724
70395
80508
68276
37641
29087
25553
56735
85200
24407
32846
19377
47544
69962
83905
19066
96704
8128
99003
21348
68710
86882
4976
49373
50168
41496
16544
30116
17636
48183
31527
28527
99271
29346
78485
98929
72027
66717
43421
36538
43520
95717
22021
74496
59259
68568
22826
77304
17894
50967
24231
87596
39410
52914
34375
33726
17655
27694
45213
63674
35407
39849
44767
71401
54212
88310
46530
72636
47192
86044
46522
64037
19619
14815
79162
96256
39288
84326
80510
31585
82244
2947
47157
46737
66803
32220
11467
49209
41043
35563
30424
96408
98861
78495
81534
5797
37567
99303
4854
96812
66729
1015
28394
77777
21158
83083
83934
30934
78095
41694
13480
92385
73364
95023
5697
83166
42869
16533
14086
8601
34933
49941
47591
51167
30356
87654
18713
92083
82284
36879
35860
33702
67759
80403
43884
73341
19160
77255
52943
93687
61227
74370
97059
77161
63274
35956
88693
441
99134
79285
89092
15436
24257
83856
5580
81572
80742
59329
82475
79045
33265
21571
20593
51166
82191
64406
86187
20928
49522
19896
10877
9482
74101
52143
97897
62418
55817
38871
91292
72767
15800
36374
3119
72570
80782
37488
90516
36601
88607
51300
12706
89846
88779
84538
37479
90742
85143
45683
12191
54118
52565
54266
29357
76012
82473
2054
97847
31564
64341
40443
46895
75536
81859
89331
19671
35513
71011
14869
8397
91040
55793
55769
85571
60960
11038
14680
90683
48228
71814
82649
97933
40954
75447
7199
660
71613
5778
56187
57202
19766
42749
33256
18125
33370
43440
59109
792
33557
81520
64218
23898
60039
58405
7651
53587
60090
62711
4385
62981
17673
58277
10753
26881
42744
49127
656
38125
31937
46135
39913
3139
61912
99793
58452
37623
44321
35224
21015
55126
77719
7628
91865
84792
20164
66694
1843
93191
16205
6832
76133
14679
26761
35711
87507
47803
72543
77919
65339
33303
23400
13442
26006
97567
68789
8085
67491
12162
89840
55457
38072
17789
1300
28181
20045
31728
17989
58606
6259
29988
40205
15125
19862
39249
32055
16294
61706
86132
50881
7897
7440
44916
43727
86797
96754
20542
67348
24668
89664
62757
82553
25324
30449
31445
65089
12881
20907
18533
6002
3141
29685
80315
55158
3669
48705
33381
23884
48147
54401
16286
4144
25629
59877
67545
48634
89179
32588
46736
89185
66052
77210
36031
49408
2269
88090
51424
43517
54945
29166
80315
98074
94869
27853
50420
40059
50982
73274
16116
91241
7299
89176
66019
23238
3718
20459
47894
64979
46781
82772
41297
59823
37619
99922
67324
4111
67874
62368
54937
14660
65500
36220
80142
75331
67320
87757
70315
67218
32605
59917
53604
6548
34882
65527
25423
33432
27220
82388
88566
65806
94452
85596
68108
9853
1490
47035
29578
86654
95840
64452
47663
71420
18002
13132
38804
79644
13194
81307
38181
3850
67344
10973
70237
81805
32191
70862
67421
4396
87411
87293
29423
69580
15811
3312
61930
52259
11222
67414
42296
21721
94600
38247
3657
38002
39479
6182
38509
55224
86740
92025
44536
86817
93531
5173
34349
58048
44038
17731
20503
58694
60271
5592
18570
19538
58462
82432
22838
81330
94474
26158
6197
90908
55183
88865
63066
16621
84502
17868
80479
45015
68827
9119
22106
64946
86797
98760
8154
36721
62632
65311
12809
30508
29932
96982
33779
77147
76913
70917
81607
8576
68117
92696
10232
91715
17376
60856
48297
34378
54106
63194
83342
13760
42238
48386
88873
11298
16606
84159
95581
5950
60856
10690
61025
93386
97928
14758
21248
14117
7894
17533
45948
66083
20448
61605
89682
95215
70936
60361
37817
69998
69816
91168
72835
88646
31420
52580
76582
44744
57466
76418
67445
45639
6421
79525
58905
61180
22468
94790
76087
40937
83499
11504
62699
79209
3336
37392
47221
63424
73648
90265
18255
86151
16981
86764
86454
83546
40081
19459
55332
99062
89773
15294
19463
97894
96471
93631
21372
56763
37695
56985
18750
50259
71031
7846
70548
94615
28220
24630
30634
19007
19933
81673
38242
99635
55672
24571
50409
56353
66206
94461
59188
27150
11496
71927
60580
6648
20991
36359
31254
84159
97252
76845
20638
93035
94296
74649
26149
53925
45463
19393
75578
80046
8243
82401
91463
52115
96643
36046
40065
37288
13513
88062
62853
75992
8766
89740
61452
64381
44946
4420
13336
73395
6312
8928
14426
48332
58228
58963
87183
89314
74833
43516
27100
13606
96418
95827
37091
22517
8974
50397
60906
23654
47030
32315
65716
6279
55957
23359
16844
34637
16015
36367
72215
59616
81989
45681
11950
10040
88618
61599
52675
5759
7527
50789
83650
88435
45503
67845
17382
5957
75822
79929
46953
5038
41941
40941
95754
45789
8341
14293
48225
66324
78479
34222
26449
38407
50835
32868
44349
15078
65062
13662
81360
49441
72723
33224
70922
11559
4196
81257
50466
69799
86982
17963
93058
44179
90815
70165
83402
71921
94250
96115
64892
28463
95003
71924
4685
44840
20610
88213
37228
25115
26643
24588
39881
41677
63960
54880
75614
18123
85223
52101
97493
36294
25484
12947
90507
85670
5415
48139
72896
50400
17626
21310
34758
72571
11798
75602
99244
50773
72404
372
131
80743
45689
85737
99210
87881
14913
61248
30843
59433
63761
41966
37940
26925
27599
88545
49430
34037
23563
62604
54684
88746
27185
37995
86759
29362
76554
48072
82651
69900
66327
42190
56438
48170
51039
20562
12421
59477
9173
78023
91730
94491
6521
12617
95102
72203
49756
67498
93746
42344
8403
8231
67248
68062
40503
50937
51004
7121
61660
20556
75348
62315
66342
97934
43706
70570
66520
84813
97689
97327
11733
486
17577
83244
2318
47814
98162
86967
65327
25802
91963
16739
86692
25277
97438
29313
21492
95485
59215
85932
6124
89974
97027
30753
96068
44080
67784
46627
45379
90458
97971
30114
36374
85320
86428
70059
16834
56622
41445
80581
28420
15020
8838
83898
57000
86992
7385
22271
25451
18327
12899
26963
58939
15958
21133
65342
12143
2112
35051
39613
25840
75766
32361
21638
85621
11810
67808
1501
22895
34313
24675
61596
63355
60570
82281
66571
10209
17415
63720
92730
98186
63799
14141
25523
1052
36755
84173
5208
74336
11233
45201
22047
10671
42603
84775
98687
55783
67937
3536
78905
1381
56794
34257
7746
49960
29775
96149
29422
61026
50976
27398
8602
26360
98
29953
28422
64387
63913
26779
91532
36773
80502
95198
58223
93562
34729
57796
85856
56037
24070
43398
38225
96360
81986
50077
93289
86206
87143
33906
76886
53564
55250
90692
49161
16447
55572
35992
96411
59888
85261
93614
10630
65378
23810
59904
19361
69515
4915
42457
12569
63203
73263
99266
63369
40853
73103
27990
87524
33798
97998
44614
77105
98664
27189
49327
17552
87035
50176
26080
85025
91421
86602
2693
45250
70519
44884
11811
82971
40788
39810
63312
11328
55302
89579
73776
64307
87089
48241
79096
52613
90902
78740
59726
69679
56964
20364
82122
21169
99168
85473
33345
80031
6362
60512
18154
38888
39175
10925
5457
67755
5450
41183
68802
56864
44343
83369
25578
55597
91348
83414
88299
26280
2684
35666
59478
16609
55648
43625
86210
65765
34775
25651
66211
39555
83119
50396
55114
90906
87723
31581
64008
98559
51711
47376
79591
84051
7148
98145
78941
50485
3538
29293
68925
49257
27209
41749
29377
13570
97024
50625
30548
26074
28765
50656
43598
91214
87025
72927
48887
99687
6508
73873
89554
22119
21964
9687
49778
87884
89920
57796
90363
85278
77117
65468
34161
78415
7265
85825
59694
91677
39059
40803
83401
20293
43047
42066
68858
25131
79832
10796
36565
78626
47633
73164
69466
192
38406
79182
76553
52185
8574
42702
65571
22106
71681
51626
82200
48744
96460
79786
28101
2757
19775
32059
83868
8224
60182
47658
481
66294
87107
21970
79434
49089
45662
43899
4422
70143
494
51940
86856
15571
99260
65773
63977
4436
51240
71948
67807
30976
20257
34612
95459
92861
88369
22386
16221
56783
94183
86269
69051
34714
5252
16735
50721
62848
3370
72072
71075
21270
35490
84434
19310
17310
34751
57175
26935
7103
65474
51392
8881
3819
32789
92262
69345
35212
98320
49592
3546
11941
91137
82522
48929
40420
5074
16835
74943
21811
20753
15400
64036
10084
59936
59186
49586
29134
17422
58954
74643
60887
41291
5661
41409
66006
75922
65942
94977
97577
51668
37288
93484
76352
71398
71241
95784
25744
50228
67343
95048
33510
41359
61817
87712
74976
85628
29050
79689
70721
97133
48841
99163
83976
36612
54282
869
36278
63764
40176
78077
30472
12370
52590
28505
96792
37698
88933
32590
86442
79977
12643
49726
84647
42286
96128
34394
57191
77866
36049
3930
82151
96777
41219
83663
95132
62847
87746
30454
36545
12956
14558
66941
75703
62189
67881
46491
58112
42902
76294
67981
23722
26968
5780
61440
66135
22355
10644
59073
2749
80914
32481
10627
77433
41734
16868
97648
25439
28737
29649
26503
67230
63529
74569
43691
93164
69424
56303
22269
62013
48386
82515
57364
29249
76250
88277
32510
88521
47196
14563
56667
6355
62916
55399
45033
14649
83097
87735
32539
94981
41618
7679
15047
77147
35874
98274
22271
4679
32203
28065
63799
60734
62020
42420
59785
10226
38189
96447
52413
11287
44849
19095
45638
58927
8539
6707
75429
73549
6215
34956
3569
92505
68680
7490
87065
17600
6201
72599
641
92054
33163
58492
47287
9258
5703
53087
46614
30689
88228
78636
89423
21482
21797
46269
55705
35485
87168
45241
59651
33081
83381
30266
1768
22980
89942
37770
97223
92158
90770
87063
25325
21423
72911
19721
99534
5269
168
32076
19798
43335
47584
32553
77080
16009
59130
35009
58993
87110
38059
77836
65741
20893
9936
38541
9524
82428
40139
87343
75606
66932
96158
1560
42030
60639
88486
75048
75580
56772
46827
81167
59116
32045
64115
85081
37800
23770
77440
95558
59762
65553
93649
41971
63690
60518
21186
37448
34589
6167
6400
89167
95892
29811
61375
13989
66361
73534
25063
98287
25112
21807
8039
27407
84162
86641
42048
3741
12506
46515
84691
81782
71164
35030
40051
69253
63726
83153
16191
10962
4324
1218
51085
84492
42913
4456
73517
10065
91283
33611
77131
61839
8516
40177
77161
19695
46478
28167
18483
53319
74856
74011
12846
46555
9485
1354
25099
9544
65262
15660
59779
43417
35291
75140
65554
67330
63350
22063
93184
798
80621
96829
53640
64378
41521
34768
87058
85621
83652
96585
93924
77800
48929
29242
30804
58239
64818
25621
59283
94675
72185
96074
4094
19776
8221
63151
88835
26567
63359
18156
67418
22680
99928
90472
81028
85382
20671
83232
34883
199
80306
95041
53130
16710
23777
23347
23421
62491
91194
72384
70293
36567
64969
73875
43095
33156
24333
86917
49036
52920
61034
26255
31225
13833
59527
46403
51757
69873
71660
29178
37315
62248
60648
94767
57069
91096
6226
89561
53904
51888
9628
21457
77293
41597
72166
755
36069
78220
87140
46589
91230
14394
98016
27227
74742
8886
99399
65601
15331
1393
40868
32355
94180
56877
59029
75901
59704
24141
17567
11200
26003
97753
18660
29392
93437
43415
6785
39685
99856
21342
12751
56965
21881
67656
17690
74085
33001
7601
90167
50179
14954
75152
38575
61506
47869
66274
92867
57041
19652
55155
83966
6559
56628
761
13081
3903
95271
77200
18555
85367
24733
68755
154
28972
5557
67020
45990
69085
17179
13595
53010
42990
72820
72574
55082
504
50557
8355
34805
49206
11557
41136
91386
41917
43659
82100
94663
62265
45126
80864
60718
43721
30780
89621
3048
8202
94722
18511
2053
81647
72480
54783
15466
16818
49658
61582
68280
75355
76597
55202
44163
74667
62435
85906
49427
23998
2052
99573
92443
5666
65399
53098
72712
10967
46514
25428
40466
75593
4432
52386
19964
70185
66093
48279
1849
46926
82630
60290
77554
31564
53355
530
34456
42393
65611
16711
86005
58968
34729
30337
55382
44461
97725
35508
70811
38029
55377
32791
29779
49903
24341
23579
22758
59127
20274
64641
69753
57226
11387
59186
1504
3478
56280
27160
89930
2709
23110
79484
20446
43558
18221
63894
8944
78326
95284
5548
64534
6346
44114
87073
79345
53440
96394
25541
37615
2740
87535
11226
6481
93105
94417
32236
86430
35383
92224
17010
39610
35333
37798
89096
70617
65822
56447
51221
5077
11400
3194
51477
17490
659
28813
30378
8523
93040
31017
70345
86226
18840
31875
8256
94688
85659
21271
56798
78132
95195
84522
70298
95247
20331
32660
10332
77211
99578
3964
80533
83131
86767
54925
74038
80875